time,x,y,z,phi,theta,psi,x_velocity,y_velocity,z_velocity,phi_velocity,theta_velocity,psi_velocity,rotor_speed1,rotor_speed2,rotor_speed3,rotor_speed4
0.06,-7.02244698748e-07,-4.78562615154e-09,10.0058986833,6.28317977017,0.000502043903029,0.0,-5.70113059109e-05,-4.80801849894e-07,0.196608717344,-0.000277509555495,0.0213161648659,0.0,466.63825313909786,468.29889862930924,465.6350665735938,465.61336255183636
0.12000000000000001,-2.23243753151e-05,-2.96530818982e-07,10.0246284489,6.28310023629,0.00137777083886,0.0,-0.000801148173506,-1.49768105583e-05,0.427658296992,-0.00350887233093,-0.00432431898789,0.0,478.27826777177046,476.32168067192185,476.295351916003,476.0482265027087
0.18,-9.6900700601e-05,-2.79802889668e-06,10.0525895546,0.000380957501082,0.00106883864861,0.0,-0.00165673123977,-4.95960349766e-05,0.504347355476,0.0240093457427,-0.00685125729647,0.0,429.3248222099772,429.1104899585835,428.90869872427163,431.2390520506939
0.23999999999999996,-0.000221713003951,1.07113370868e-05,10.090777013,0.00151475325737,0.000267935068175,0.0,-0.00243331909473,0.000665823098347,0.76842783414,0.00595572853376,-0.0313392807154,0.0,486.57619348763006,484.73982984193924,487.9861877159036,486.6368049054322
0.3,-0.000366469019539,7.79424940147e-05,10.1364165258,0.00200625311394,6.28174474107,0.0,-0.00223999224711,0.00161155307294,0.752899650933,0.0123254791265,-0.0232876484381,0.0,399.0414325241814,399.77532053502944,398.6651296125038,399.2465391594367
0.36000000000000004,-0.000466107905297,0.000218349541553,10.1843705542,0.00256034879772,6.2803027981,0.0,-0.000938205912693,0.00313467583242,0.845503171876,0.00219924544295,-0.025564879242,0.0,434.91426491229254,434.723429907548,435.89056338226527,435.0435091096546
0.4200000000000001,-0.000460829150018,0.000456582946898,10.2368790952,0.00249017360977,6.27873110197,0.0,0.00126301156384,0.00481027635509,0.904735657588,-0.00894220348005,-0.0274856063191,0.0,424.2353526150616,424.07024230634624,425.3480971745661,424.3930210238919
0.48000000000000015,-0.000264601694712,0.000805878394873,10.2988225422,0.00150080397843,6.27666959584,0.0,0.0055013885389,0.00674658643096,1.15982150491,-0.039224400787,-0.0539258333404,0.0,484.60240825655916,482.61057074211726,486.4447587937483,484.17211212698163
0.5400000000000001,0.000252057020656,0.00123892974716,10.3769782966,6.28257907287,6.27343522151,0.0,0.0121369525543,0.00740086006559,1.44505152887,-0.0279617915188,-0.0538670940841,0.0,493.49944967575584,493.5021754448682,493.106400968543,493.9371749715108
0.6000000000000002,0.00120740164516,0.0016627566748,10.4679779789,6.28065196587,6.2702837555,0.0,0.0200516498771,0.00653336924076,1.58807937262,-0.0420943031421,-0.0499668538753,0.0,452.398788034876,452.7109471982671,452.8252315951082,451.68663618729175
0.6600000000000003,0.00267066560555,0.00199633241675,10.5650436553,6.27790986879,6.26829736475,0.0,0.0289501119239,0.004334459212,1.64735534253,-0.0541185206994,-0.0116358754111,0.0,424.6249449907647,427.89947463046025,426.8929650138661,425.8644179081233
0.7200000000000003,0.00473268078063,0.00212925752314,10.6678749895,6.2747502539,6.2677175783,0.0,0.0398487276909,-0.000244569840488,1.7801550142,-0.0498935194942,-0.0059837675656,0.0,449.32390230016796,449.7819725508415,449.98917812402897,450.32926070402493
0.7800000000000004,0.00743251484281,0.00193588939516,10.7769158473,6.27188391586,6.26746089403,0.0,0.050173888041,-0.00648734888557,1.8544191314,-0.043836909134,-0.00106789000872,0.0,432.2829346046387,432.69702855469467,430.8992781085597,431.409472702232
0.8400000000000004,0.0108338293242,0.00125460166854,10.8953542585,6.26869492423,6.26710603355,0.0,0.0632195142273,-0.0165538883851,2.09311749817,-0.088062306283,-0.0179955621788,0.0,483.06664320575936,481.7886626493199,483.5494173472958,480.2042538768181
0.9000000000000005,0.015003297714,-9.59194013395e-05,11.0263900268,6.26356722179,6.26580064132,0.0,0.0758915458284,-0.0290511080788,2.27438639935,-0.0807137874053,-0.0306019785563,0.0,467.20785299306635,466.22397795768075,465.30327996836405,465.87251207775876
0.9600000000000005,0.0198836381808,-0.00221733652129,11.1636311271,6.258476882,6.26391373305,0.0,0.0869548707252,-0.0421122365906,2.30025161756,-0.0947172852086,-0.0331972534285,0.0,417.6969210656547,417.47011551546535,418.95316838721845,417.7273451918059
1.0200000000000005,0.0255120296296,-0.0052832874272,11.3049256975,6.25304621472,6.26214577879,0.0,0.100847026997,-0.0606532410305,2.40932334642,-0.0832081378337,-0.0228897631548,0.0,443.7476518552891,444.59266410050935,445.3215872287452,446.2550907969945
1.0800000000000005,0.0320144408512,-0.00958396070176,11.4531146181,6.24804419959,6.26193331989,0.0,0.115961545094,-0.0832192722102,2.53002790011,-0.0836861779461,0.0198992597741,0.0,446.5336588486556,450.0106086067112,450.00153978543767,449.9572667873692
1.1400000000000006,0.0394631361119,-0.0154192529447,11.610592641,6.24284229757,6.26308367928,0.0,0.132183733349,-0.111862381366,2.71878877581,-0.0935249757227,0.0176784600713,0.0,470.3779054581711,470.2058293895934,470.7970547101812,470.029394197751
1.2000000000000006,0.0477540983342,-0.0228789701164,11.7741518006,6.2380700692,6.26440541803,0.0,0.14407289593,-0.137249086131,2.73312903104,-0.0606061090311,0.0295539624519,0.0,415.6487408063053,416.68824798966546,415.2968201270305,418.1681511719915
1.2600000000000007,0.0567863039945,-0.032077373614,11.9415062442,6.23418578324,6.26637050441,0.0,0.156800098866,-0.169740421558,2.84506231851,-0.0746383796718,0.0384811074779,0.0,447.50810269596116,448.23456681928474,448.84336501573904,447.69998305216706
1.3200000000000007,0.0665912967955,-0.0434696814926,12.1187702409,6.22955554697,6.26856234962,0.0,0.169753528387,-0.21051875633,3.06315117114,-0.0827848876415,0.0323140359966,0.0,481.9446880081323,481.4788358120277,479.78556466413363,479.16238517768306
1.3800000000000008,0.0771174422191,-0.0574058756218,12.3088054757,6.22480907332,6.27020226279,0.0,0.180894750264,-0.254561513782,3.27075106949,-0.0726192145502,0.0148183815607,0.0,478.74174709766675,477.4087859207799,478.99834661974245,479.7662494565018
1.4400000000000008,0.0882347001066,-0.0738999101276,12.5079872949,6.22057641098,6.27120475607,0.0,0.189579655625,-0.295659208308,3.36832773376,-0.0666897929953,0.0202425251691,0.0,446.5898499879721,447.0319869267024,446.4508954191618,446.9306486572771
1.5000000000000009,0.0998394102614,-0.0928820550187,12.7120196689,6.2169846071,6.27214832851,0.0,0.197134518253,-0.337431793068,3.4325299016,-0.0488639566263,0.00467424960172,0.0,437.4937372785994,436.19542914350416,436.1346478081957,437.61830419657184
1.560000000000001,0.11192555418,-0.114700782883,12.923838424,6.21358675769,6.27220939104,0.0,0.205708468169,-0.390177126608,3.62746149865,-0.0804910779763,-0.00753906253952,0.0,478.183064400971,477.25174311925997,478.1537572008171,475.7358721806129
1.620000000000001,0.124495711178,-0.139567883918,13.1444555232,6.20938518615,6.27165195007,0.0,0.213344044713,-0.439158191188,3.72607859391,-0.054664342709,-0.0130467500735,0.0,449.67575542801785,449.22947300325353,448.6330542340956,450.72132369455466
1.680000000000001,0.137542032298,-0.167490243523,13.3714456933,6.20603137935,6.27092814982,0.0,0.221606965694,-0.491904864545,3.83984223815,-0.0584820861553,-0.0101657074231,0.0,455.00526368020184,455.2359938086589,455.0527747318229,454.7450022700411
1.740000000000001,0.151107613433,-0.198705057445,13.6059687253,6.20233616093,6.26995457296,0.0,0.230653586605,-0.548939657505,3.97707418845,-0.0686562761462,-0.0325053530476,0.0,464.1184906659968,462.36176256560896,463.2492023380119,462.44584153826344
1.8000000000000012,0.165251046884,-0.233475565328,13.8493314526,6.19796173812,6.26767983776,0.0,0.241016928827,-0.610499483836,4.1343950158,-0.0831549618439,-0.0518371486979,0.0,470.14326867201066,468.64225456173267,471.46884006586424,470.34334359802506
1.8600000000000012,0.180053130886,-0.27193950896,14.1009407426,6.19262520991,6.26422853542,0.0,0.252719419809,-0.672130931613,4.25206995767,-0.104195888754,-0.0724130003547,0.0,460.14216936887516,458.50795748183714,460.4531214520062,458.77885089265044
1.9200000000000013,0.195588173064,-0.314000058081,14.3572082234,6.1860097692,6.26001230404,0.0,0.265510960347,-0.730466885627,4.28994290293,-0.126519778747,-0.0662992344611,0.0,435.86053907951117,436.36735879805326,435.8888097325256,434.0076120380431
1.9800000000000013,0.211943573366,-0.359585837953,14.6146790499,6.1784669803,6.25634763037,0.0,0.280002929807,-0.789719522166,4.29229904555,-0.124148379865,-0.0522778347762,0.0,423.8560772675824,425.05659137865945,424.3724594705317,424.5607879043122
2.0400000000000014,0.229426676504,-0.409615443819,14.8793653867,6.1710977621,6.25334155199,0.0,0.303117586228,-0.878739605804,4.52950750538,-0.12029072144,-0.0460707492175,0.0,496.27937523984286,496.73349675581125,496.3143524140819,496.58548668812966
2.1000000000000014,0.248207320299,-0.464561897979,15.1529365435,6.16340581144,6.25055056256,0.0,0.323163128119,-0.953487083971,4.58915228268,-0.152799758587,-0.0474229198888,0.0,445.6098416120502,445.49800287670416,446.8859148307079,444.2119451966323
2.1600000000000015,0.268129091739,-0.523727010109,15.4265968553,6.15455682534,6.24825695497,0.0,0.341101944723,-1.01941797015,4.53293717126,-0.13855292676,-0.0242958260328,0.0,406.1246316105219,408.19301175994747,408.4950777485778,409.7411060790807
2.2200000000000015,0.289256017541,-0.587341463417,15.6995661177,6.14588902119,6.2462978278,0.0,0.363269833481,-1.10182203192,4.5657348597,-0.160156114476,-0.0599567503473,0.0,438.75922016067443,435.7874304739337,439.01205363126724,437.1953525265814
2.2800000000000016,0.311676759735,-0.655770713399,15.972359717,6.13593913778,6.24300678772,0.0,0.384373333638,-1.17996466255,4.52734548125,-0.180669424557,-0.0462156827109,0.0,414.1853548485531,415.3899473949603,415.70714709371214,413.87654075515735
2.3400000000000016,0.335668614473,-0.729981523973,16.2489771928,6.12590390679,6.24085356631,0.0,0.415594432053,-1.29477473241,4.69228300398,-0.148876194854,-0.020671350128,0.0,479.63662546089193,481.5723074302755,476.85029232339156,479.24757037594395
2.4000000000000017,0.361296435625,-0.810259888251,16.5289481542,6.11702801689,6.23978906207,0.0,0.438762634189,-1.38191006513,4.64009288121,-0.146108223687,-0.0124466183319,0.0,411.7212303902953,412.4484123458756,412.26721161620156,412.48935379536016
2.4600000000000017,0.38857436051,-0.896847357403,16.8112925522,6.10834949334,6.23874849073,0.0,0.470564414949,-1.50516884893,4.77056524405,-0.141863271241,-0.0295812178084,0.0,471.8834721135572,470.5588290278719,470.6458008913023,470.9559979609981
2.520000000000002,0.417632960853,-0.990415698897,17.0980483677,6.1004819117,6.23657409635,0.0,0.498220620136,-1.6144875408,4.78763358108,-0.115474746334,-0.0548915813591,0.0,438.13403198793526,436.02355059668844,436.2284037208167,438.4101019787576
2.580000000000002,0.448405293155,-1.09072047378,17.3859916168,6.09359640978,6.23310228428,0.0,0.527822964587,-1.72960794634,4.81011897912,-0.113364038597,-0.0645882346147,0.0,440.1081631830345,439.3023499007345,439.55653219431,439.71953180702707
2.640000000000002,0.481212196504,-1.19877795919,17.678960603,6.08682151574,6.22900776394,0.0,0.566138132748,-1.87291416219,4.95456075884,-0.112032213682,-0.076785063205,0.0,479.4705091695162,478.53966671204387,477.7127799710172,477.8039777714566
2.700000000000002,0.516295529958,-1.31517091164,17.9784851812,6.08050714802,6.22482186567,0.0,0.603715302626,-2.00741389065,5.02894148298,-0.0942878690168,-0.0585134085071,0.0,458.3975476053304,459.8437657931592,458.10782197186086,459.5073346294014
2.760000000000002,0.553750484907,-1.4398841139,18.2830400725,6.07549634893,6.22082581329,0.0,0.645122857706,-2.15013318732,5.12215204711,-0.0678157347684,-0.0922468984775,0.0,466.8768198540379,464.23344146672315,465.6748552110464,467.73566022812764
2.820000000000002,0.593557117542,-1.57253385833,18.5897056908,6.07136988138,6.21539236757,0.0,0.682230944641,-2.27189329515,5.09986676609,-0.0707632832235,-0.0873783375824,0.0,431.29183306965956,431.69575997327655,430.0857141867863,429.8321944134388
2.880000000000002,0.635795689649,-1.71291125471,18.8966030202,6.06695080568,6.21024162019,0.0,0.726184749041,-2.40772075206,5.12959592382,-0.0801594101917,-0.0829463646846,0.0,447.7095688633646,448.0640674352111,448.75267457627467,447.9849653050024
2.940000000000002,0.680716710284,-1.86137979442,19.2045765808,6.06275475062,6.20515608387,0.0,0.771618401974,-2.54161969697,5.13583935473,-0.05483678131,-0.0886529396664,0.0,442.2242003548618,441.74785010030644,440.00499966423325,442.09275075751435
3.000000000000002,0.728485168636,-2.01803901077,19.5132391931,6.05936670645,6.19972258269,0.0,0.821133505833,-2.68064461185,5.15251967896,-0.0599446710225,-0.0946678037068,0.0,445.8689925796713,445.37035823492175,445.89081254680406,445.4710823515065
3.0600000000000023,0.7795000609,-2.18356894065,19.8248729291,6.05569451778,6.19377315656,0.0,0.879897843836,-2.83729487276,5.23450577997,-0.0638457449035,-0.11011634668,0.0,467.55204418024033,466.33861038327126,467.5414073307993,467.23484163747133
3.1200000000000023,0.833501891569,-2.35692846365,20.1342657169,6.05194792194,6.18702066369,0.0,0.920654875138,-2.94179339038,5.07903426407,-0.0597775010557,-0.117890880987,0.0,388.8147118236605,388.0721676611397,388.7644014914291,389.1420701407397
3.1800000000000024,0.89083845865,-2.53849648975,20.442255665,6.04822737161,6.18002816535,0.0,0.991229469118,-3.11073107208,5.18634401233,-0.0668921762636,-0.113973496566,0.0,474.99164700386507,475.28081727902025,476.66081830054617,476.1142101874255
3.2400000000000024,0.952199862863,-2.72949388909,20.7533177489,6.04412359044,6.17298947711,0.0,1.05474064303,-3.25621485321,5.18198981513,-0.0715867477179,-0.124992157006,0.0,442.90238406681215,441.98252941519337,442.818196586659,442.4282119288299
3.3000000000000025,1.0177145884,-2.929761184,21.0659380544,6.03934097294,6.16556044215,0.0,1.12974980703,-3.41971874009,5.23791092104,-0.105562320594,-0.121567472912,0.0,462.9646880222127,463.2208840259458,463.8204502025506,461.13850784365104
3.3600000000000025,1.0875734914,-3.13933736784,21.3794047632,6.03268819942,6.15806762995,0.0,1.19948960616,-3.56671894437,5.2105690479,-0.124487220132,-0.132492918496,0.0,437.7719480075937,436.84714768056114,438.7143859820806,437.12852436280457
3.4200000000000026,1.16174541438,-3.35785671667,21.6911573056,6.02589194565,6.15017523746,0.0,1.27355783774,-3.717868595,5.1807258847,-0.097104007653,-0.129700766327,0.0,437.8856288433771,438.10172116748316,436.40132011870315,438.6694072292619
3.4800000000000026,1.24113304926,-3.58677263765,22.0056158443,6.01984216099,6.14186189728,0.0,1.37341131555,-3.91309657539,5.29990948649,-0.109569435269,-0.169305805368,0.0,488.31559271615527,485.3343952843483,485.6227337873696,484.6786798599477
3.5400000000000027,1.32590299094,-3.82609508469,22.3217911096,6.01369045074,6.13165020945,0.0,1.45306843588,-4.06487927373,5.23890808473,-0.0912526585926,-0.172032129067,0.0,432.3163126527492,432.05779342376496,429.3548446089992,430.89670616682844
3.6000000000000028,1.41570065551,-4.07477595047,22.6347493846,6.00784479958,6.12142938454,0.0,1.5410164316,-4.22498274321,5.19257164539,-0.11412458889,-0.167177964385,0.0,437.004459555453,437.3806257316082,437.6786837811973,435.761861834391
3.660000000000003,1.51071957379,-4.33280501698,22.9435401271,6.00145191282,6.111331183,0.0,1.62705755303,-4.37658482028,5.10019428103,-0.0945873461998,-0.170651421957,0.0,422.4725756027407,422.1441413234658,421.3435429385622,423.01880405150365
3.720000000000003,1.61164588175,-4.60097928593,23.249945641,5.99553800891,6.10094501752,0.0,1.73800573708,-4.56301679852,5.11240988822,-0.108016248648,-0.178512848567,0.0,458.4123373596158,457.7591842638103,458.69951461392947,457.6234706097479
3.780000000000003,1.71910728693,-4.87998358921,23.5553704371,5.98875831703,6.09023121718,0.0,1.84488590151,-4.73768550211,5.06775919865,-0.125484069159,-0.178664359916,0.0,441.1073015647845,441.06374720956467,442.40293974106424,440.9503060844239
3.840000000000003,1.83368673007,-5.17037629263,23.8605708346,5.98116094112,6.07936275223,0.0,1.97530651549,-4.94263087024,5.10431546271,-0.129001329617,-0.186612977106,0.0,469.845956305368,469.19927429990076,469.84746631316233,469.5609598280745
3.900000000000003,1.95666594497,-5.47374488962,24.1695103712,5.97333643449,6.06815708423,0.0,2.12492019211,-5.17017079749,5.19195979904,-0.133379290974,-0.187058636349,0.0,488.2170192835066,488.15332047026715,488.8000072780483,488.45964951814585
3.960000000000003,2.08779540797,-5.78946711446,24.4789984047,5.96532632599,6.05689019727,0.0,2.24690238016,-5.35454881357,5.12354519147,-0.133747704889,-0.189265327122,0.0,441.74032242791526,441.52375096982166,441.2190662601216,441.1720856076772
4.020000000000002,2.22688079414,-6.11701381081,24.7861337046,5.95690425743,6.045022942,0.0,2.39014157171,-5.56426561058,5.11305460927,-0.158831923454,-0.226092114043,0.0,463.6421361157947,460.7006396986185,464.18241948685375,462.1912475161197
4.080000000000001,2.37524355038,-6.45791771563,25.094289976,5.94870976031,6.03167872351,0.0,2.55632781528,-5.79973230549,5.15702241194,-0.111091404024,-0.215904427511,0.0,482.42010825074925,483.14412906279165,481.7548209869602,485.3347035455364
4.14,2.53360393549,-6.8128157044,25.4040774049,5.94218581122,6.0184683483,0.0,2.72332370694,-6.03059773415,5.16767811685,-0.104392502148,-0.230456428764,0.0,476.44939337465735,475.2904390195311,476.3604229931556,476.86297500083
4.199999999999998,2.70263958023,-7.18220059415,25.7157544565,5.93554288678,6.00451615846,0.0,2.91222776701,-6.28251803221,5.21958493579,-0.127985736908,-0.237050278612,0.0,493.71510549501954,493.18021610569343,493.05322900666226,491.29672326573956
4.259999999999997,2.88120752209,-7.56438691104,26.0236040959,5.92766445846,5.9905162806,0.0,3.04099918474,-6.45772589822,5.04165961498,-0.13894243587,-0.226785102226,0.0,418.757905175253,419.5922802726176,418.9140402318597,417.942763880645
4.319999999999996,3.06851538956,-7.9581751749,26.3232258048,5.91992642681,5.97697688039,0.0,3.20350451856,-6.66913232227,4.94461191332,-0.114154683981,-0.223494264477,0.0,448.78154046360606,448.9986667699254,448.4787822739206,450.47276390289863
4.379999999999995,3.26485316857,-8.36375219587,26.6141574543,5.91295076695,5.96361946127,0.0,3.34197987294,-6.8507870198,4.75269126816,-0.120842074344,-0.220940024577,0.0,417.70316147211133,417.8733442983295,416.97376251206924,416.3758164842837
4.439999999999993,3.47000890034,-8.78072935599,26.8944093501,5.90544038887,5.95092834318,0.0,3.49737470685,-7.04910514377,4.58830736885,-0.1356524868,-0.197344075264,0.0,427.29527878388734,429.2561794564379,429.9055535803653,428.63333541992387
4.499999999999992,3.68551537578,-9.21066598093,27.1669653572,5.89734528675,5.93916600033,0.0,3.6868480763,-7.28268044063,4.49550166412,-0.133490675308,-0.193552944877,0.0,457.3048466824168,457.5704735989318,455.69366840300233,455.85019781618644
4.559999999999991,3.9122056907,-9.65439847228,27.4328543029,5.88938614539,5.92723927963,0.0,3.87015763162,-7.50901224329,4.36626324789,-0.131028043949,-0.212065169845,0.0,447.22294276624103,445.67311601406584,447.343302478482,447.527796712261
4.6199999999999894,4.14954097565,-10.1113272853,27.6895288239,5.88115381239,5.91430415612,0.0,4.04176364606,-7.72262637952,4.18860077151,-0.153904017104,-0.223749177063,0.0,433.61991206918685,432.58945667319273,431.9985738484603,430.04607761813725
4.679999999999988,4.39798669884,-10.5818817855,27.9369058822,5.8724535224,5.90120432115,0.0,4.24045397447,-7.96312593528,4.05579705783,-0.131432643606,-0.209260663471,0.0,451.09570137044227,452.2180091406069,450.15064696818433,451.9462621638901
4.739999999999987,4.65932351688,-11.0678126586,28.1779067873,5.8648534707,5.88846513233,0.0,4.47133233425,-8.23499306945,3.97559406098,-0.118532902625,-0.219259214217,0.0,473.5923245224155,472.780812816183,473.9336850317928,474.910815926598
4.799999999999986,4.93363131342,-11.5691705631,28.4115271228,5.85721058055,5.87534484693,0.0,4.67291084202,-8.47751414703,3.81037237162,-0.158089733305,-0.217523108815,0.0,447.3737327579542,447.46817112578384,449.66599773133606,446.4329778487815
4.859999999999984,5.22007835606,-12.0851248152,28.6347704661,5.84772305552,5.86190232089,0.0,4.87591701825,-8.72162434581,3.629551786,-0.158196786464,-0.242069848653,0.0,446.0531564662169,443.99265753917064,446.19435325207036,446.1620108787279
4.919999999999983,5.51882121014,-12.615849559,28.8468300835,5.83812764015,5.84718563964,0.0,5.08282985174,-8.96984274141,3.43747499989,-0.163617217004,-0.252604444418,0.0,445.8970245922749,444.97498549051176,445.5281716493215,445.0603333071282
4.979999999999982,5.83237482325,-13.1636826274,29.0513809744,5.82856934089,5.83149719698,0.0,5.3694031642,-9.29150197898,3.37783177528,-0.151845662592,-0.292253925865,0.0,499.6649879495845,496.7019348029741,497.57946697686435,498.41956303292454
5.0399999999999805,6.16190013079,-13.7296646663,29.2492979942,5.81927816616,5.81408951193,0.0,5.61544979159,-9.57496794176,3.21702339962,-0.16166199507,-0.286192639285,0.0,468.1150259795691,468.50581536323966,470.1201044283702,469.33725780078987
